MARTES

alf="abcdefghijklmnopqrstuvwwyzABCDEFGHIJKLMNOPQRSTUVWXYZ :.,;¿¡!"

lista=[1,0,0,1,1,1,1,0,0,0,0,1,1,0,0,0,0,0,1,1,0,1,1,1,1,0,1,0,1,0,0,0,
0,0,0,0,0,1,0,0,0,0,0,0,0,0,1,1,0,0,1,0,1,0,1,1,1,1,0,0,1,1,0,1,0,1,
0,1,0,1,0,1,1,1,1,1,0,0,0,0,0,1,1,0,0,0,0,1,1,1,0,1,0,0,0,0,0,0,1,1,
0,0,1,1,1,0,1,0,1,0,1,0,1,0,0,1,0,1,1,1,0,1,0,1,0,1,0,1,0,1,0,1,1,1,
0,0,0,0,0,0,0,0,1,1,1,0,1,0,1,1,0,1,1,0,0,1,1,0,1,1,0,0,0,0,0,1,1,0,
0,0,0,0,1,1,0,1,1,1,0,0,0,1,1,1,1,1,1,0,0,1,1,1,1,0,1,0,1,1,0,1,1,1,
1,1,1,0,0,1,1,0,0,1,1,0,1,1,0,1,0,0,1,0,1,1,0,0,0,0,1,1,0,1,0,0,1,0,
1,1,0,0,1,0,1,1,0,0,1,1,0,1,1,0,0,0,1,0,1,1,0,0,1,1,0,1,1,0,0,1,1,0,
1,0,0,1,1,1,1,0,1,0,0,0,0,1,0,0,0,0,1,1,1,1,1,1,0,0,0,1,1,0,1,0,1,0,
0,0,0,0,0,1,1,0,1,1,0,0,0,0,1,0,0,0,1,1,0,1,0,0,1,1,1,0,0,1,1,0,1,1,
0,0,0,1,0,0,0,1,1,0,1,1,0,0,0,0,1,0,1,0,0,1,1,0,1,1,0,1,0,1,0,1,1,0,
1,0,1,0,1,1,0,1,0,1,0,1,0,0,0,1,0,0,0,0,0,1,0,0,0,0,1,1,0,0,0,0,0,0,
0,0,0,0,0,1,1,0,0,0,0,1,0,1,1,0,0,1,0,1,0,1,0,0,1,0,1,1,0,0,1,1,1,0,
1,0,0,1,1,1,0,1,0,0,1,0,0,0,0,1,1,0,1,0,0,1,0,0,1,0,1,1,0,1,0,0,0,0,
0,1,1,0,0,1,0,0,1,0,0,1,1,0,1,1,0,0,0,1,1,1,0,0,1,1,1,1,0,1,0,1,0,1,
0,1,0,0,1,0,1,0,1,1,1,0,1,0,1,0,1,0,1,1,1,1,1,0,1,0,1,0,1,1,1,0,0,1,
1,0,0,1,1,0,1,1,1,1,0,1,1,1,1,0,0,1,0,0,0,0,1,1,0,0,1,0,0,0,0,0,1,0,
0,1,1,1,1,1,0,1,0,1,0,0,0,1,1,1,1,1,0,1,1,1,1,0,0,0,1,1,0,0,1,1,0,1,
0,0,1,0,1,1,0,0,1,0,0,0,0,0,0,1,1,0,0,1,1,1,1,1,0,1,0,0,0,0,1,0,0,0,
0,1,1,0,1,0,1,0,0,1,0,1,1,0,0,0,0,1,1,0,0,1,0,0,1,0,1,1,0,0,0,1,0,0,
0,1,0,0,1,0,1,1,1,1,0,1,1,0,0,0,0,1,0,1,1,0,0,0,0,0,1,1,1,0,1,0,1,0,
1,0,1,0,0,1,0,1,0,0,0,0,0,0,1,1,1,0,1,0,1,0,1,0,0,1,1,0,1,1,0,0,0,1,
1,1,0,0,1,1,0,1,1,0,1,0,1,1,1,1,0,1,1,0,0,0,1,0,0,1,1,0,1,1,0,1,0,0,
1,0,1,1,1,0,0,0,0,0,0,0,0,0,1,1,1,0,0,0,0,0,0,1,1,0,0,0,1,1,1,0,1,1,
0,0,1,1,0,0,0,0,1,1,0,1,1,1,0,0,1,1,0,0,1,0,1,1,1,0,0,1,1,0,1,1,0,0,
1,0,1,0,0,0,0,1,0,1,1,1,0,1,0,0,0,0,0,0,0,0,0,0,1,1,0,0,0,0,0,1,1,1,
0,0,0,0,0,1,1,1,0,0,0,0,0,0,1,1,1,1,0,1,0,1,1,1,1,1,0,0,0,1,1,1,1,1,
0,1,1,0,0,1,1,0,0,0,0,0,1,0,1,1,1,1,0,0,0,1,1,1,0,0,1,0,0,1,0,0,1,0,
1,0,0,0,1,0,0,0,0,1,1,0,0,1,1,0,1,1,0,0,1,1,0,1,0,0,1,1,1,1,0,0,0,0,
1,1,0,0,0,0,1,1,1,0,0,0,0,0,1,1,0,0,0,0,0,1,0,1,0,1,1,0,1,0,1,1,0,0,
0,0,0,0,1,0,0,0,0,0,0,0,0,0,0,1,0,1,1,1,0,1,1,1,1,0,1,0,1,1,1,0,0,1,
0,1,0,1,1,1,0,0,1,0,1,1,0,0,0,0,1,0,1,1,1,1,1,0,1,0,1,0,0,0,0,0,0,1,
1,0,0,1,1,1,0,0,0,1,1,1,0,0,0,0,1,1,0,1,0,0,0,1,1,0,1,0,0,1,1,1,0,1,
0,1,0,1,0,1,1,0,0,1,1,1,0,1,1,0,1,0,1,0,1,0,0,1,0,0,0,0,0,0,0,0,0,1,
1,0,0,0,0,1,0,1,0,1,0,0,0,0,1,0,0,0,0,1,1,0,1,0,0,1,0,1,0,0,0,1,0,0,
0,0,1,1,1,0,1,1,1,0,1,0,0,0,0,0,1,0,0,1,0,1,1,0,0,1,1,0,1,1,0,0,0,1,
0,0,0,0,1,1,1,1,1,0,0,0,0,0,1,1,0,0,0,0,0,1,0,1,1,1,1,0,0,0,1,1,1,1,
1,1,0,0,0,1,1,0,1,1,0,1,0,1,0,0,0,1,0,1,0,1,1,1,0,0,0,0,1,1,1,0,1,0,
0,1,1,1,1,1,0,1,1,1,0,0,0,0,1,0,1,1,0,1,0,1,1,1,0,0,1,0,1,0,1,0,1,1,
0,0,1,0,1,0,1,0]

MARTES (Bosnio)

alf="abcdefghijklmnopqrstuvwwyzABCDEFGHIJKLMNOPQRSTUVWXYZ :.,;¿¡!"

lista=[1,1,1,1,0,0,0,1,0,0,0,1,0,0,1,1,0,1,1,0,1,1,0,1,1,1,1,0,1,1,1,1,0,
0,1,1,1,0,0,1,1,0,0,1,1,1,1,1,0,1,0,0,0,0,0,0,1,1,1,1,1,0,0,0,0,1,1,1,
0,1,0,1,0,1,1,1,0,0,0,0,0,1,1,0,1,1,0,0,0,1,0,0,0,1,1,0,1,1,0,1,1,1,1,
1,0,0,1,0,0,0,0,0,0,1,0,0,0,0,0,1,0,0,0,1,0,0,0,1,1,1,1,1,0,0,1,1,0,1,
1,0,0,0,0,0,1,1,0,1,0,0,1,0,1,0,1,1,0,1,1,1,1,1,1,0,0,1,1,0,0,1,1,0,1,
0,1,1,1,0,0,1,1,1,0,1,1,0,1,0,0,1,0,1,0,1,0,1,0,1,0,1,1,1,0,0,0,0,1,0,
0,0,1,1,0,0,0,1,0,0,0,1,0,0,0,0,1,1,1,1,0,1,0,1,0,0,1,0,1,1,0,1,1,1,1,
1,0,1,1,0,0,1,1,0,0,0,0,1,1,1,0,0,0,0,1,0,0,0,1,1,0,0,1,0,0,0,1,0,0,0,
1,1,0,1,0,1,1,1,0,0,1,0,1,1,1,0,0,1,0,1,0,1,0,1,0,0,0,0,0,0,1,0,0,1,0,
1,1,0,1,1,0,1,0,1,0,0,1,1,0,1,1,0,0,0,1,1,1,0,0,0,0,0,1,0,1,0,1,1,1,1,
1,0,0,0,0,0,1,1,0,0,1,1,0,1,0,1,0,1,0,1,1,1,0,0,1,0,1,1,1,0,1,0,0,0,0,
0,0,1,1,1,0,0,0,1,1,0,0,1,0,1,0,0,0,1,0,1,1,0,0,0,0,1,1,0,0,0,0,0,0,1,
0,1,0,1,0,1,1,1,0,1,1,0,1,0,0,1,0,1,0,0,0,0,0,0,0,0,1,1,0,1,0,0,0,0,1,
1,0,1,0,0,1,0,1,0,0,1,1,0,1,0,1,0,1,0,0,0,0,0,1,0,0,0,1,0,0,0,0,0,1,0,
0,0,0,0,0,1,1,1,0,0,1,0,0,1,0,1,1,0,0,1,0,1,0,0,0,0,0,0,1,1,0,1,1,0,1,
0,1,0,0,0,1,0,0,0,1,0,0,0,0,0,0,1,1,1,0,0,0,1,0,0,0,1,1,1,0,1,1,1,1,0,
0,1,0,1,0,1,1,1,0,0,0,0,0,1,1,0,1,0,0,1,0,0,1,0,1,0,1,1,1,0,0,0,0,0,1,
1,0,1,0,0,0,1,0,0,1,0,0,1,0,1,1,0,0,0,1,0,0,0,1,0,0,1,1,1,1,0,0,0,0,1,
1,0,0,0,0,1,1,1,0,1,0,1,1,1,1,0,0,1,0,1,1,1,0,0,0,1,0,1,1,0,0,0,0,1,0,
0,0,1,1,0,0,1,0,0,0,0,1,0,0,1,1,0,1,0,1,1,1,0,0,1,0,1,1,1,0,0,1,0,1,1,
1,0,1,1,1,0,0,0,1,0,1,0,1,1,1,0,1,1,1,1,0,1,0,0,0,0,0,0,1,1,0,0,0,1,1,
0,1,1,0,1,0,1,0,1,1,0,0,0,0,0,0,0,0,1,0,1,1,0,1,0,1,0,1,0,1,0,1,1,0,1,
1,0,0,1,0,1,1,1,0,1,1,0,0,1,1,0,1,1,0,1,0,0,1,1,0,0,1,1,1,1,0,1,0,1,0,
1,0,1,0,0,0,0,0,0,0,0,0,1,1,1,0,0,0,0,1,1,1,0,0,0,0,0,1,1,1,0,0,1,1,0,
1,1,0,1,1,0,1,1,0,0,0,0,0,1,1,0,0,1,1,0,1,0,0,0,1,1,0,1,0,0,0,0,1,0,1,
1,0,0,1,0,1,1,1,0,0,1,1,1,1,1,0,1,0,0,0,1,0,0,0,0,0,0,1,0,1,0,0,0,1,1,
1,0,0,1,1,0,1,1,0,1,0,1,0,1,0,0,1,1,0,1,1,0,1,0,1,0,1,1,1,0,1,0,0,1,0,
1,0,0,0,0,0,0,1,1,1,0,1,1,1,1,0,1,1,0,0,1,1,0,0,1,1,0,1,1,0,1,0,0,0,1,
0,0,0,0,0,1,1,1,0,0,1,0,0,1,0,1,1,1,0,0,1,1,0,0,0,0,1,0,0,0,0,1,1,0,1,
1,0,1,1,0,0,1,1,0,0,0,0,0,1,1,1,1,0,0,1,0,1,0,0,1,0,1,0,1,1,0,0,1,1,1,
0,1,0,1,1,1,1,0,1,0,0,1,0,1,1,0,0,1,1,0,1,1,0,0,0,0,1,1,1,0,1,1,0,0,1,
1,0,1,1,0,0,1,1,0,0,1,1,1,1,0,1,0,0,0,0,1,1,0,1,1,0,0,1,1,1,0,0,1,0,0,
0,0,0,1,0,0,0,0,1,0,0,1,1,0,0,1,0,0,1,1,1,0,1,0,1,0,1,1,1,0,1,0,0,1,1,
1,1,0,0,0,1,1,0,1,0,1,0,1,1,1,0,0,0,0,0,1,1,0,0,1,0,1,0,1,0,0,0,0,0,0,
1,1,0,0,0,1,1,0,0,1,0,0,0,0,0,0,0,1,1,1,1,1,0,0,1,1,0,1,1,0,0,0,1,0,1,
1,0,1,0,1,0,1,1,1,1,0,1,0,1,0,1,0,0,1,1,1,0,1,0,0,1,0,1,1,0,1,1,1,0,0,1,1]