LUNES

alf="abcdefghijklmnopqrstuvwxyzABCDEFGHIJKLMNOPQRSTUVWXYZ .,;¿?¡!"

lista=[1,0,0,1,1,0,0,1,0,0,1,1,0,0,0,1,0,0,1,1,0,0,1,1,0,0,1,
1,0,0,1,1,1,1,0,0,1,0,0,1,1,0,0,0,0,0,0,0,0,0,1,0,0,1,1,
0,1,0,0,0,1,1,1,0,0,0,1,0,1,1,0,0,0,0,0,0,0,1,1,0,1,0,1,
0,1,1,0,1,0,1,0,0,1,1,1,0,0,0,0,1,0,0,1,1,0,1,0,0,1,1,0,
0,0,1,0,0,1,1,0,1,1,1,0,1,0,0,1,1,0,1,0,1,0,0,0,0,0,0,0,
0,0,1,1,1,0,0,0,0,0,0,0,0,0,0,0,0,0,0,0,0,0,0,0,0,1,0,1,
1,0,0,0,1,0,1,1,0,0,0,0,0,0,0,1,0,0,0,1,1,1,0,1,0,0,1,1,
0,1,0,1,1,0,0,1,0,1,0,0,1,1,0,0,0,0,0,0,0,0,1,0,0,0,1,1,
1,1,1,1,0,1,0,0,0,0,1,1,1,1,0,0,1,0,1,1,0,1,0,0,1,0,1,0,
1,0,0,0,1,0,1,1,0,0,0,0,0,0,0,0,1,1,0,0,1,1,0,1,0,1,1,0,
1,0,0,0,0,0,0,0,1,0,0,0,1,1,1,0,0,0,0,0,0,0,1,1,0,0,0,0,
1,1,1,1,0,1,0,0,1,1,1,0,1,0,0,1,1,1,1,1,1,1,1,0,1,1,0,0,1]

MARTES Y VIERNES

alf="abcde ABCDEfghijklmnFGHIJKLMNopqrstuvwxyzOPQRSTUVWXYZ.,;¿?¡!"

lista=[0,1,0,1,1,0,1,1,0,0,0,1,1,1,0,0,0,0,0,0,0,0,0,0,0,0,0,
0,0,1,0,0,1,1,0,0,1,0,0,1,1,0,0,0,1,1,1,1,0,1,0,1,0,0,1,
0,0,0,0,1,0,1,1,0,0,0,1,0,1,1,0,1,1,0,0,1,1,0,0,1,0,1,0,
1,0,0,0,1,0,1,1,0,0,1,0,1,0,1,0,0,0,0,0,0,0,0,1,0,0,1,1,
0,1,0,0,0,1,1,1,1,1,1,0,1,0,0,0,1,0,0,1,1,0,1,1,0,0,0,0,
1,0,0,0,0,0,0,0,0,0,0,0,0,0,0,1,1,0,1,0,1,0,1,1,0,1,0,1,
0,0,0,0,1,0,1,1,0,1,0,1,1,0,1,0,0,0,1,0,1,1,0,0,0,0,0,0,
0,0,0,0,0,0,0,0,0,1,0,1,1,0,1,0,1,1,1,0,0,0,1,0,1,0,0,1,
0,0,0,0,0,0,0,0,0,0,0,0,0,0,0,0,0,0,0,0,0,0,0,0,1,0,1,0,
1,1,0,0,0,1,1,1,1,0,0,0,1,1,1,1,1,1,0,1,0,0,0,0,0,0,0,0,
0,1,0,0,0,1,1,1,0,0,0,0,0,0,0,1,1,0,1,0,1,0,0,1,0,0,1,1,
0,0,1,0,1,1,0,1,0,0,1,0,1,0,1,1,0,0,1,1,0,0,0,0,0,1,0,1,
1,0,0,0,1,0,1,1,0,1,0,1,1,0,1,0,0,1,0,1,0,1,0,0,0,1,0,1,
1,0,0,0,1,0,1,1,0,0,1,1,1,1,0,1,0,0,0,1,1,1,0,1,0,0,1,1,
0,0,0,0,0,0,0,0,0,0,1,1,1,1,0,1,1,0,0,0,0,1,0,1,0,0,1,1,
0,0,0,0,1,0,1,1,0,1,0,0,1,1,0,0,1,0,0,1,1,0,1,0,0,0,1,1,
1,0,1,0,0,1,1,0,0,1,0,1,1,0,1,0,0,0,0,0,0,0,1,0,0,1,1,0,
0,1,1,0,1,0,1,0,1,0,0,0,1,1,1,0,0,1,0,1,0,1,0,0,0,0,0,0,
0,0,0,0,1,0,1,1,0,0,0,0,0,0,0,0,0,1,0,1,0,1,1,0,0,0,1,1,
1,1,0,0,1,1,0,0,1,1,0,1,0,1,0,1,1,1,0,1,0,0,1,1,1,1,1,1,
1,1,0,1,1,0,0,1]